,Unnamed: 0,Values,Simulation
0,0,1.0630793606215292,100
1,1,1.036619485147824,100
2,2,1.0728249638822265,100
3,3,0.9019199647052716,100
4,4,0.9976925744814906,100
5,5,1.046158042864306,100
6,6,1.1668636258948908,100
7,7,1.0667713733189998,100
8,8,0.922610785829832,100
9,9,1.001166304677554,100
10,10,1.064066837885946,100
11,11,1.044054061630149,100
12,12,1.0473129258987797,100
13,13,0.9315550336581282,100
14,14,1.028553765060309,100
15,15,1.0220994650225066,100
16,16,1.095819681779176,100
17,17,0.9720301826213243,100
18,18,0.9027810688872364,100
19,19,1.0483309735567872,100
20,20,0.9075066486122694,100
21,21,0.968849629983808,100
22,22,1.0233129220630843,100
23,23,1.030758860066726,100
24,24,1.0568438887093097,100
25,25,1.00739575933477,100
26,26,1.0315371216173048,100
27,27,0.9893059471220907,100
28,28,0.9446327870807636,100
29,29,1.0727769703436962,100
30,30,1.041311393498333,100
31,31,0.9963654189899244,100
32,32,0.9453130972000992,100
33,33,1.010234160913953,100
34,34,1.0393736662264388,100
35,35,0.9871879318832696,100
36,36,0.9154489548869408,100
37,37,0.9882806953864643,100
38,38,1.0601602751521426,100
39,39,0.95002907964448,100
40,40,0.9846539413508992,100
41,41,0.9866051483687528,100
42,42,0.9360464195671768,100
43,43,0.9997323896047448,100
44,44,1.1070774370492558,100
45,45,1.0755116298436178,100
46,46,0.9455782704754512,100
47,47,0.9790457411581316,100
48,48,0.9378081901638352,100
49,49,0.9589922404531136,100
50,50,1.0466951887564306,100
51,51,1.0351078068200223,100
52,52,0.9680691030818592,100
53,53,0.9508662121330927,100
54,54,1.0314697514543667,100
55,55,0.954174859532742,100
56,56,1.0735746494666358,100
57,57,0.9478156768975764,100
58,58,0.9593279302502252,100
59,59,0.987472713016544,100
60,60,1.005989189116832,100
61,61,1.0286837831967404,100
62,62,0.9425441458174788,100
63,63,0.9409733080875357,100
64,64,0.932937835985129,100
65,65,1.028879344919062,100
66,66,0.9460213480721508,100
67,67,1.093573810660473,100
68,68,0.990235904551156,100
69,69,0.9543922585350088,100
70,70,1.0362901462206082,100
71,71,1.089355372006679,100
72,72,1.070922971778657,100
73,73,1.0201361399406323,100
74,74,0.9637769630232782,100
75,75,0.931035888562988,100
76,76,1.0334308616234864,100
77,77,1.1552883742387792,100
78,78,0.989571027733504,100
79,79,0.9846708706211588,100
80,80,1.080023810932289,100
81,81,1.0188798014195584,100
82,82,1.0040844568705296,100
83,83,1.051805971221924,100
84,84,0.9342337720257774,100
85,85,1.0746403963246394,100
86,86,0.9938162381397008,100
87,87,0.9164344406550812,100
88,88,1.0538916723019724,100
89,89,0.9661998476349964,100
90,90,1.037491146308355,100
91,91,1.0286334390313954,100
92,92,0.9943085713474034,100
93,93,1.1433160062696004,100
94,94,1.007429638705318,100
95,95,0.979936739756397,100
96,96,1.0553380824413523,100
97,97,1.0864638700531517,100
98,98,0.9599649546085516,100
99,99,1.0770074788642745,100
0,0,1.0133558025814722,500
1,1,1.1051814801506907,500
2,2,1.0032393885788051,500
3,3,1.051791679098443,500
4,4,0.9460152721312624,500
5,5,1.0021346672476028,500
6,6,0.9039298300716468,500
7,7,1.0281820860167985,500
8,8,0.9973374028820672,500
9,9,0.9192258758412636,500
10,10,0.9409250534126414,500
11,11,0.958630791134965,500
12,12,1.0470704593727476,500
13,13,1.0058020159066103,500
14,14,1.0081964392892075,500
15,15,0.9741638135160712,500
16,16,1.0193296980479971,500
17,17,0.9650600510127134,500
18,18,0.9638142942539644,500
19,19,1.0089355492113583,500
20,20,0.9766419592452422,500
21,21,1.0342926105068528,500
22,22,1.015748572123016,500
23,23,1.0158602135492742,500
24,24,1.0845551901826411,500
25,25,0.9962966765261854,500
26,26,1.0660939444469335,500
27,27,1.028554429505391,500
28,28,1.0489206302231937,500
29,29,1.0161521657923345,500
30,30,0.9501294207504428,500
31,31,0.961433339951398,500
32,32,1.0055118490480766,500
33,33,1.122781219165347,500
34,34,0.954919750043743,500
35,35,1.041449810918678,500
36,36,0.925993369546262,500
37,37,0.966597519813476,500
38,38,1.1266892641225326,500
39,39,1.0553142004165466,500
40,40,1.002579123094506,500
41,41,1.0705411679362555,500
42,42,0.9692331915239693,500
43,43,1.0543453760222548,500
44,44,1.0704704562366771,500
45,45,0.9590899966642894,500
46,46,0.987856201907448,500
47,47,1.000092753085724,500
48,48,0.9008209218524996,500
49,49,0.9986915342832532,500
50,50,1.0295305546234346,500
51,51,1.0772980028614685,500
52,52,1.059470998177204,500
53,53,1.0014392268726482,500
54,54,0.9943814779880568,500
55,55,0.98341304585108,500
56,56,1.0203673319495437,500
57,57,1.1135332062639378,500
58,58,1.0487681348205626,500
59,59,0.9437521687437708,500
60,60,1.14617226949575,500
61,61,0.9246764031017136,500
62,62,0.9449221613724176,500
63,63,0.9813840131108692,500
64,64,1.024563006929398,500
65,65,1.01688571661019,500
66,66,1.0092139614766469,500
67,67,1.0625268535726209,500
68,68,0.928209016606516,500
69,69,1.0407973258962784,500
70,70,0.9806177595242644,500
71,71,0.9695668868166648,500
72,72,0.9983945745493088,500
73,73,0.9546167381996328,500
74,74,1.0012816633068835,500
75,75,0.9830022662957988,500
76,76,1.0798157863604416,500
77,77,0.968151644879356,500
78,78,0.8899987567523908,500
79,79,1.0888451737497888,500
80,80,0.981365694838246,500
81,81,1.073855643859602,500
82,82,0.9002223575069053,500
83,83,1.0052605798748857,500
84,84,1.0529383509551593,500
85,85,1.014607784933446,500
86,86,0.9645399496916413,500
87,87,1.028999098415781,500
88,88,1.0495436227166834,500
89,89,0.9538542170228794,500
90,90,1.04688407557407,500
91,91,1.082065713023752,500
92,92,1.0030475803005174,500
93,93,1.0654372115885593,500
94,94,0.9611310356181946,500
95,95,0.9917871279033932,500
96,96,0.9345002463090992,500
97,97,1.044657221083682,500
98,98,0.9725117068439316,500
99,99,1.0432952410018288,500
100,100,1.10095712623297,500
101,101,1.0435564746502877,500
102,102,0.9583426392183868,500
103,103,1.0934647141297802,500
104,104,1.1014920377515978,500
105,105,1.028122752576948,500
106,106,0.9969214160755372,500
107,107,0.9089625901229396,500
108,108,1.0461965175116037,500
109,109,1.06490122669652,500
110,110,1.0803212684468804,500
111,111,1.0008340953277042,500
112,112,1.1001792164448003,500
113,113,0.9539900593346716,500
114,114,0.9517996004477284,500
115,115,1.009106522993136,500
116,116,0.996763661971002,500
117,117,0.9739725152708872,500
118,118,0.9816423464226318,500
119,119,0.9930292797433822,500
120,120,1.0201437518959722,500
121,121,0.995651333353166,500
122,122,1.0600955444267584,500
123,123,1.026616055250514,500
124,124,0.9346220893729223,500
125,125,1.0344661027159816,500
126,126,0.915036710434336,500
127,127,0.9690320287347732,500
128,128,1.04696853745007,500
129,129,0.98100082354118,500
130,130,1.0439660663075472,500
131,131,0.9823508116345464,500
132,132,1.0008652695475462,500
133,133,1.0531270306741334,500
134,134,0.898964829508202,500
135,135,0.988388962187301,500
136,136,0.993015456830264,500
137,137,1.0402288843772567,500
138,138,0.9717114804423516,500
139,139,0.9907917348780444,500
140,140,1.048088801936686,500
141,141,1.0475231637056766,500
142,142,1.016034264553781,500
143,143,1.026470067041032,500
144,144,1.0018560244092356,500
145,145,1.0203604801132542,500
146,146,0.989322694387198,500
147,147,1.0029183464634457,500
148,148,1.0150920558180443,500
149,149,0.9392332673294276,500
150,150,0.9382546629156394,500
151,151,1.0082057993946163,500
152,152,1.0647624997992011,500
153,153,0.986335590139575,500
154,154,1.0633391240993006,500
155,155,0.9142961673279616,500
156,156,0.932702917693419,500
157,157,1.0575588457610507,500
158,158,1.005233510723201,500
159,159,1.1121276826883817,500
160,160,0.8859743081579978,500
161,161,0.97880066440392,500
162,162,1.062857843733369,500
163,163,1.0769136948390212,500
164,164,1.10445883800962,500
165,165,1.0040342597433352,500
166,166,0.9647692891606284,500
167,167,0.988394788274519,500
168,168,1.0584663466829625,500
169,169,1.093102602239128,500
170,170,0.978966409171008,500
171,171,0.9173651468286864,500
172,172,0.988038094291241,500
173,173,1.0257066718486811,500
174,174,0.948809020157242,500
175,175,1.0446098464610714,500
176,176,1.0333562990365834,500
177,177,1.0311700383404483,500
178,178,1.10459395388213,500
179,179,1.1438509181991208,500
180,180,0.9300399324748128,500
181,181,1.0757356706148045,500
182,182,0.9780117378543736,500
183,183,0.976453022868114,500
184,184,0.9541270073226684,500
185,185,0.9867817500235532,500
186,186,1.014556230818016,500
187,187,0.9455714765998238,500
188,188,1.075070944361812,500
189,189,1.0595096796706116,500
190,190,1.0257405186474244,500
191,191,1.0644881626175504,500
192,192,0.9822949300545504,500
193,193,0.9932010501131856,500
194,194,1.0595819118894385,500
195,195,1.0242344117550033,500
196,196,0.9800384453004368,500
197,197,0.9895233535058878,500
198,198,1.0536030945417565,500
199,199,1.107675996360527,500
200,200,0.9669287509560008,500
201,201,0.9755904440084606,500
202,202,0.9528370258910144,500
203,203,1.0777112406447742,500
204,204,0.9599254180747748,500
205,205,1.0054410369441769,500
206,206,1.1142110809504118,500
207,207,1.022507382836622,500
208,208,0.9895477682571538,500
209,209,0.9474831715436808,500
210,210,0.9254751846141858,500
211,211,0.991941492015414,500
212,212,0.9235997303022714,500
213,213,1.0645635040714296,500
214,214,0.924140065261014,500
215,215,1.0100983442845006,500
216,216,1.0236564344697427,500
217,217,0.909580254214049,500
218,218,1.1113941050423364,500
219,219,1.0692184256021733,500
220,220,1.11178777652799,500
221,221,0.9714120396625816,500
222,222,1.0315821956824325,500
223,223,0.96751934301858,500
224,224,1.039282931275153,500
225,225,0.9644030096646076,500
226,226,1.0315237750929356,500
227,227,0.9922119871463906,500
228,228,0.9615781818807676,500
229,229,1.0375426320772192,500
230,230,1.0011300766470868,500
231,231,0.9176835885314318,500
232,232,0.9943352329168392,500
233,233,1.013285747419829,500
234,234,1.0034456761544277,500
235,235,0.9426501013610392,500
236,236,1.0524134170408672,500
237,237,1.0310803316027517,500
238,238,1.0373729636204985,500
239,239,0.9588262252011788,500
240,240,1.0565919928233711,500
241,241,0.9398460035312156,500
242,242,1.041115724262582,500
243,243,1.1247204853052324,500
244,244,1.0842767377512104,500
245,245,1.0383527549856095,500
246,246,0.9757578743924428,500
247,247,1.0794207190203196,500
248,248,1.0445102740709302,500
249,249,1.043806500762642,500
250,250,1.0077281212182214,500
251,251,1.0761491415496636,500
252,252,0.9203583884155222,500
253,253,0.962177773760942,500
254,254,0.9245820688364006,500
255,255,1.1472908299736275,500
256,256,1.0215072385495887,500
257,257,0.9605489169153856,500
258,258,1.023090168793317,500
259,259,0.975127529596108,500
260,260,0.997562796649305,500
261,261,0.9392528921524672,500
262,262,1.0563554319852957,500
263,263,1.0881047699104442,500
264,264,0.8749097919344848,500
265,265,0.9709352442161928,500
266,266,1.095725313261255,500
267,267,1.0715185728438,500
268,268,0.970262991669415,500
269,269,0.9923056379487464,500
270,270,1.058937468918728,500
271,271,1.2212354396841647,500
272,272,0.9746799133160238,500
273,273,0.9989384877559075,500
274,274,0.9311165242025226,500
275,275,1.0139156995974332,500
276,276,1.0644264646609545,500
277,277,1.0518847644846971,500
278,278,1.0283587455583216,500
279,279,0.9550310365961394,500
280,280,1.0173609734899145,500
281,281,1.05197246832239,500
282,282,0.9588655414861053,500
283,283,0.9662025988963308,500
284,284,0.9641966812278896,500
285,285,0.9510389377532108,500
286,286,1.0251484745691355,500
287,287,1.0003720771097449,500
288,288,1.0522670384804371,500
289,289,0.967861138090143,500
290,290,1.056226034608045,500
291,291,1.0570160025661437,500
292,292,1.0837081280511,500
293,293,1.0543296292581772,500
294,294,1.0274250295280467,500
295,295,1.023223735083775,500
296,296,0.9550582400637068,500
297,297,0.8859136305639481,500
298,298,0.9765207711353838,500
299,299,0.9625815181669566,500
300,300,1.008589121902446,500
301,301,1.0215737439180828,500
302,302,0.9745516656807354,500
303,303,0.9968461291994828,500
304,304,1.0451101610177318,500
305,305,1.1076487709765246,500
306,306,1.014325431132562,500
307,307,1.0343237589945318,500
308,308,1.0087606994495246,500
309,309,1.1066377266152614,500
310,310,1.0484374493515247,500
311,311,1.0472643357888387,500
312,312,1.0163587352417238,500
313,313,1.0566182504930026,500
314,314,1.0241625688248064,500
315,315,1.029201550781238,500
316,316,1.0222426244374674,500
317,317,0.9879680425260204,500
318,318,0.927849212718158,500
319,319,0.9537467979788374,500
320,320,1.0087916473053724,500
321,321,0.9800626360389232,500
322,322,0.968637350010468,500
323,323,0.9903757446694216,500
324,324,1.0233438352891966,500
325,325,1.0583242928413483,500
326,326,0.9751475141286364,500
327,327,1.0282860742667594,500
328,328,0.9703656148012384,500
329,329,0.978991951842147,500
330,330,1.02245166401606,500
331,331,0.9790327233290128,500
332,332,0.9561735575718586,500
333,333,0.968670999262642,500
334,334,0.9383751012880736,500
335,335,0.9939900865590658,500
336,336,0.973333563230952,500
337,337,0.9796487582462988,500
338,338,1.0551129973814994,500
339,339,0.9436919268200512,500
340,340,0.9691728151197908,500
341,341,1.0751570947684854,500
342,342,0.9714614406893248,500
343,343,0.9559885045046884,500
344,344,0.9592388062932145,500
345,345,1.098114248003327,500
346,346,1.094375398872046,500
347,347,1.0623906102913594,500
348,348,0.9058592160697287,500
349,349,1.096916069480116,500
350,350,0.9912660848549848,500
351,351,0.9745462030790152,500
352,352,0.9798766253985888,500
353,353,0.9905065928291066,500
354,354,1.0736033006640042,500
355,355,1.0924355106382109,500
356,356,0.9972939342611796,500
357,357,1.0150859735299915,500
358,358,0.9711019356160336,500
359,359,0.9615124644878392,500
360,360,1.0366113999293418,500
361,361,1.1294012260382118,500
362,362,1.0869417651288416,500
363,363,0.9999733526106808,500
364,364,1.1483408881054658,500
365,365,0.9861954879060876,500
366,366,1.0799299280555488,500
367,367,0.9743702470754982,500
368,368,1.0084107773566586,500
369,369,0.9886819301660096,500
370,370,0.95968488557736,500
371,371,0.9225543077924954,500
372,372,1.0285229585205542,500
373,373,1.030667243788585,500
374,374,1.0146690875385218,500
375,375,0.95242063878527,500
376,376,1.1062563047464948,500
377,377,0.9918972446704544,500
378,378,0.9885460747648978,500
379,379,1.1051796091454094,500
380,380,1.034667657288395,500
381,381,0.995865451443791,500
382,382,1.0287160487855689,500
383,383,0.9720808769992146,500
384,384,1.1609424702124755,500
385,385,1.0079179819798014,500
386,386,1.0358835743701746,500
387,387,1.011534994221364,500
388,388,1.0091179200927345,500
389,389,0.9576417558566276,500
390,390,0.9903988037397936,500
391,391,0.904770438096179,500
392,392,1.1265090056572546,500
393,393,0.9453905776088618,500
394,394,0.9022428151607472,500
395,395,0.9863174027732384,500
396,396,0.9600637435627846,500
397,397,1.049938013120098,500
398,398,0.947809420173769,500
399,399,1.099455711554015,500
400,400,1.0846813328493994,500
401,401,1.0283446364790765,500
402,402,1.0556075652786063,500
403,403,1.015174515009292,500
404,404,0.9138518994222408,500
405,405,1.024544517962923,500
406,406,1.0080856708869277,500
407,407,1.036083401700708,500
408,408,1.0556376706697392,500
409,409,1.0442414397881097,500
410,410,0.9950293079563296,500
411,411,1.0462985327230427,500
412,412,1.0352380684797424,500
413,413,1.0237055195859597,500
414,414,0.9014345905744108,500
415,415,0.9411129122578928,500
416,416,1.0702611399043889,500
417,417,0.9885417492907748,500
418,418,1.0659183391494338,500
419,419,0.9911815632944608,500
420,420,0.929087633390182,500
421,421,0.9949905716554356,500
422,422,1.093066578681217,500
423,423,0.9421850997170368,500
424,424,0.9864755187442285,500
425,425,1.069537572970816,500
426,426,1.0506510232271182,500
427,427,1.0157817232649364,500
428,428,0.9804460267358052,500
429,429,1.0227277426299537,500
430,430,0.9884908175847896,500
431,431,1.1321594501797847,500
432,432,0.9592719769221248,500
433,433,1.153796678652398,500
434,434,0.863056908819317,500
435,435,1.0493389294636728,500
436,436,0.8973605764537211,500
437,437,1.031519515419447,500
438,438,1.0140476301468908,500
439,439,0.9816925644951624,500
440,440,0.918538732521654,500
441,441,1.060670622628919,500
442,442,0.9435575555412896,500
443,443,0.976807056240176,500
444,444,0.9482929970509986,500
445,445,1.0358228469458055,500
446,446,0.999929067942233,500
447,447,1.0305380462869635,500
448,448,0.9699283974495074,500
449,449,1.039395957374964,500
450,450,0.9028000386439884,500
451,451,0.9023685896103188,500
452,452,0.9501171912826152,500
453,453,1.0512853820131056,500
454,454,0.8724454952657084,500
455,455,0.9970808215476552,500
456,456,0.9471138961397544,500
457,457,1.0392826849614352,500
458,458,0.9829406924911552,500
459,459,0.9753357456643386,500
460,460,1.0966121253609629,500
461,461,1.0445777211368608,500
462,462,0.9852911069928184,500
463,463,1.0426619107329174,500
464,464,1.0131162302111107,500
465,465,0.96526110083866,500
466,466,0.9203884629745572,500
467,467,0.942373239164482,500
468,468,0.9348453678849182,500
469,469,0.9563357224142665,500
470,470,1.0498194384385613,500
471,471,1.0671711057112103,500
472,472,1.05905086554003,500
473,473,0.9383208761695698,500
474,474,1.0166284006051711,500
475,475,1.0150407156087624,500
476,476,0.9727364052434666,500
477,477,0.96769774606652,500
478,478,0.8730243303450891,500
479,479,1.070176769434411,500
480,480,0.9892915363162872,500
481,481,0.8968871943148145,500
482,482,0.9865552948875234,500
483,483,1.071746297616457,500
484,484,1.042735229343549,500
485,485,0.9381112512710104,500
486,486,1.0309140828612016,500
487,487,1.108860570059079,500
488,488,0.9963516612585152,500
489,489,0.979698460978696,500
490,490,0.9183074270716672,500
491,491,1.0642258530743476,500
492,492,1.025890945683173,500
493,493,1.018112125784555,500
494,494,0.9853670983197702,500
495,495,1.005552268064818,500
496,496,1.0270832323821537,500
497,497,1.0267542681004187,500
498,498,0.9726722075803308,500
499,499,0.91781193374527,500
0,0,0.9687257222535806,1000
1,1,1.0707323886824156,1000
2,2,1.1005977937129927,1000
3,3,1.0361072531615747,1000
4,4,0.9840232498625738,1000
5,5,1.05636790305212,1000
6,6,1.070866289261943,1000
7,7,1.0049179056386492,1000
8,8,0.9230650235174808,1000
9,9,1.1467380774670062,1000
10,10,0.9943550763744184,1000
11,11,1.08464468160507,1000
12,12,1.0315306819790493,1000
13,13,1.0087296754358306,1000
14,14,1.0345573100331933,1000
15,15,0.9547141630112465,1000
16,16,1.0621547585012507,1000
17,17,0.9908073016508184,1000
18,18,0.9490639037224042,1000
19,19,1.0359235001509148,1000
20,20,0.9347526950452902,1000
21,21,1.0043497973852595,1000
22,22,1.0222181128225143,1000
23,23,1.017444935982013,1000
24,24,0.9923886164201434,1000
25,25,0.9665272828720788,1000
26,26,1.0260154428993644,1000
27,27,0.889052692505814,1000
28,28,1.0528058392521444,1000
29,29,1.0732193676061,1000
30,30,0.996214317840014,1000
31,31,1.037469738701688,1000
32,32,1.0878744966116187,1000
33,33,0.969913232037996,1000
34,34,1.0683888497134149,1000
35,35,0.9384822713418686,1000
36,36,1.1380923264911047,1000
37,37,1.0134331404411796,1000
38,38,1.0533237771270336,1000
39,39,0.9967103699649158,1000
40,40,1.0495664262142554,1000
41,41,0.926689114667724,1000
42,42,1.0523132056546132,1000
43,43,1.0600601874129012,1000
44,44,1.0693755285943496,1000
45,45,0.9303269498948196,1000
46,46,1.0915425773819862,1000
47,47,0.8859229656163592,1000
48,48,0.9263227160394792,1000
49,49,0.9640912569078351,1000
50,50,0.9934031727006668,1000
51,51,0.8784374692135799,1000
52,52,0.986362018780099,1000
53,53,0.966562442923106,1000
54,54,0.9859155424019264,1000
55,55,0.9421770554302212,1000
56,56,1.0206675897313318,1000
57,57,0.9749585906368736,1000
58,58,1.0949400094004034,1000
59,59,0.888003824726681,1000
60,60,0.9969419339988548,1000
61,61,1.0277537014763425,1000
62,62,1.0243372981659178,1000
63,63,0.9465169628368528,1000
64,64,0.9769156593919632,1000
65,65,1.0718542198675465,1000
66,66,1.0896412519191898,1000
67,67,1.0313613422077736,1000
68,68,1.019039186717876,1000
69,69,0.939699539800344,1000
70,70,1.0420884568257094,1000
71,71,1.0025556413188212,1000
72,72,0.9464426697792448,1000
73,73,0.945176128272564,1000
74,74,1.099034809281278,1000
75,75,0.8647182096005537,1000
76,76,1.0319427811923418,1000
77,77,0.9762880773479594,1000
78,78,0.9552852454103088,1000
79,79,1.073785792636187,1000
80,80,1.0078502233156286,1000
81,81,1.074875366490545,1000
82,82,1.0292625891349871,1000
83,83,0.9895040452720992,1000
84,84,1.0868597590537945,1000
85,85,0.8768740186555561,1000
86,86,1.0905042805882772,1000
87,87,1.0732939568179771,1000
88,88,1.0215147762384476,1000
89,89,0.9850671888933676,1000
90,90,1.0539189353338545,1000
91,91,0.9720427971077896,1000
92,92,1.0354757687093752,1000
93,93,1.0540627311220303,1000
94,94,0.9592779259365756,1000
95,95,1.0815577288261693,1000
96,96,1.066035989316248,1000
97,97,1.039464816600372,1000
98,98,0.9672214407628984,1000
99,99,1.0819855367172266,1000
100,100,1.071870596793616,1000
101,101,0.9212040616722988,1000
102,102,0.9176587327784064,1000
103,103,1.0227049412246316,1000
104,104,1.0372546669906768,1000
105,105,0.9674995267230316,1000
106,106,1.0398336794492735,1000
107,107,0.933278823573886,1000
108,108,1.02303892833811,1000
109,109,1.0221723669554308,1000
110,110,0.9812525926347462,1000
111,111,0.961499674194556,1000
112,112,1.048751979802617,1000
113,113,1.0943316544912989,1000
114,114,1.0431827124467077,1000
115,115,1.0671287560716962,1000
116,116,1.032769243599759,1000
117,117,0.9664021163075632,1000
118,118,1.0378745304414425,1000
119,119,1.0004405068122963,1000
120,120,1.0630631372174977,1000
121,121,0.9291255370212356,1000
122,122,0.9901400880880402,1000
123,123,1.0210687460099166,1000
124,124,1.022688324075716,1000
125,125,1.0842619199476786,1000
126,126,1.035917987989265,1000
127,127,1.0408439196351935,1000
128,128,0.9932875581530708,1000
129,129,0.9543147099136888,1000
130,130,1.043475141449207,1000
131,131,0.9631863333893164,1000
132,132,1.029747839941166,1000
133,133,0.9675080814184156,1000
134,134,0.9050929432883664,1000
135,135,0.975997293314478,1000
136,136,1.0439918842070597,1000
137,137,1.0450910037396142,1000
138,138,1.1139116104453706,1000
139,139,0.9556990420581996,1000
140,140,1.0133854109551237,1000
141,141,0.9306246123917674,1000
142,142,1.026715888914154,1000
143,143,0.9768335028399804,1000
144,144,0.9595857757852428,1000
145,145,0.8916424146234903,1000
146,146,1.0096263637733358,1000
147,147,1.066749143647158,1000
148,148,0.9885133412083462,1000
149,149,1.02712141023639,1000
150,150,1.075851085780684,1000
151,151,1.0996042029721735,1000
152,152,1.0799240377414066,1000
153,153,1.032228083790926,1000
154,154,1.0013398734542136,1000
155,155,0.9793324898733003,1000
156,156,0.9631454987351588,1000
157,157,1.060335899066473,1000
158,158,0.9335320910914504,1000
159,159,1.0285415137263385,1000
160,160,0.9894320421540356,1000
161,161,1.0132591363671963,1000
162,162,0.979306910255744,1000
163,163,0.9705042637670118,1000
164,164,0.9240495228983292,1000
165,165,1.0043343784001737,1000
166,166,1.1009361371120434,1000
167,167,1.0274211364374963,1000
168,168,0.9686494672829156,1000
169,169,0.95112640582866,1000
170,170,1.026783055189895,1000
171,171,1.1085169284830556,1000
172,172,1.0843019063937334,1000
173,173,1.0443205202049342,1000
174,174,1.05928308155859,1000
175,175,0.9739522228157398,1000
176,176,0.903186790413443,1000
177,177,0.8656170464022921,1000
178,178,0.9556819019753816,1000
179,179,1.012835837607355,1000
180,180,0.9846006094358302,1000
181,181,0.9399429756112028,1000
182,182,1.074380234446906,1000
183,183,1.0475714305724182,1000
184,184,0.9875974186876562,1000
185,185,1.0078384442655164,1000
186,186,0.9621310118444484,1000
187,187,1.0502833661209363,1000
188,188,1.0541886263646774,1000
189,189,1.0491759573490071,1000
190,190,0.9774988670058632,1000
191,191,1.048342063783679,1000
192,192,0.9910756486662108,1000
193,193,0.9811106933132124,1000
194,194,0.9951270950396632,1000
195,195,0.9745218495665996,1000
196,196,1.0807194121159824,1000
197,197,1.0317200045881378,1000
198,198,1.108584791314371,1000
199,199,1.0780187357077864,1000
200,200,1.054952249295468,1000
201,201,1.050860777885319,1000
202,202,0.8798161915167952,1000
203,203,0.9268187377383156,1000
204,204,1.052450870839991,1000
205,205,1.010096159537582,1000
206,206,0.9772818117568391,1000
207,207,0.9948139822949856,1000
208,208,0.8970985450465889,1000
209,209,0.8937676160858103,1000
210,210,1.0314140244247056,1000
211,211,0.9060448815810104,1000
212,212,1.062486127062627,1000
213,213,1.10101817468653,1000
214,214,0.9809767379548902,1000
215,215,0.9967012087167006,1000
216,216,0.9958504776611647,1000
217,217,1.0494175725335282,1000
218,218,0.952091634946754,1000
219,219,1.147793642491024,1000
220,220,1.032765479464402,1000
221,221,1.0432695232038185,1000
222,222,1.0231681013021898,1000
223,223,0.9088582561145416,1000
224,224,1.0166055716243534,1000
225,225,1.047803661617806,1000
226,226,1.0680918262097094,1000
227,227,1.1020418772229874,1000
228,228,1.000534958487549,1000
229,229,1.0066506205013468,1000
230,230,0.9054683297290324,1000
231,231,0.8756819119381873,1000
232,232,0.9599400831187096,1000
233,233,1.0088185355202768,1000
234,234,1.06318261979888,1000
235,235,1.0010275860723112,1000
236,236,1.0214445759599895,1000
237,237,1.0138359359479097,1000
238,238,1.0749370006340229,1000
239,239,1.015491621015002,1000
240,240,1.170573706108712,1000
241,241,0.9236234402065692,1000
242,242,0.9795240378985284,1000
243,243,0.97187361272006,1000
244,244,1.0355134416469838,1000
245,245,1.0436258972800658,1000
246,246,1.0187421517507147,1000
247,247,0.9330029503385332,1000
248,248,1.0139658728669474,1000
249,249,1.0206896637998994,1000
250,250,1.0444226652135171,1000
251,251,1.0060974838226002,1000
252,252,0.9869582917253724,1000
253,253,1.0525037997024498,1000
254,254,0.9940623908696296,1000
255,255,1.1118938491002552,1000
256,256,0.9832034918099596,1000
257,257,1.0087792258958077,1000
258,258,0.9908750463304444,1000
259,259,1.0297971887276702,1000
260,260,1.0671139548096988,1000
261,261,1.018631950287585,1000
262,262,1.011572339955748,1000
263,263,1.0319723571683568,1000
264,264,1.0005396342706805,1000
265,265,0.9888850222986748,1000
266,266,0.9712823048842978,1000
267,267,1.0885094874960115,1000
268,268,0.957050326173814,1000
269,269,0.9442765035963704,1000
270,270,1.0517993588595829,1000
271,271,0.9931014366936636,1000
272,272,1.097117593192678,1000
273,273,1.0149180494804,1000
274,274,1.0787651406554062,1000
275,275,1.0222870872397465,1000
276,276,0.9476909436504002,1000
277,277,0.8975012006037275,1000
278,278,1.063073652240547,1000
279,279,0.9500492127489792,1000
280,280,0.9145582150277676,1000
281,281,0.9660418171147284,1000
282,282,1.0278789871136382,1000
283,283,1.033940998584356,1000
284,284,1.0175835226905292,1000
285,285,1.042018939289349,1000
286,286,1.059783534963401,1000
287,287,1.0859709129563555,1000
288,288,1.0759518341605483,1000
289,289,1.062780705653239,1000
290,290,1.0444126282389306,1000
291,291,0.9937595237620372,1000
292,292,0.9826484852014944,1000
293,293,0.9164122427646788,1000
294,294,1.0221409792140437,1000
295,295,0.9941189780712848,1000
296,296,0.9899573872808958,1000
297,297,0.98897716430848,1000
298,298,1.1730371504290815,1000
299,299,0.9447484016666294,1000
300,300,0.9894145158667698,1000
301,301,1.0363390631134592,1000
302,302,1.0989684828020216,1000
303,303,0.9402743228177286,1000
304,304,1.043140414665075,1000
305,305,1.0256802467826702,1000
306,306,1.1176635331193978,1000
307,307,0.9279006067496168,1000
308,308,1.0204625927011932,1000
309,309,1.0834597358194316,1000
310,310,0.8978575313902297,1000
311,311,0.902903855517522,1000
312,312,1.0273588677383998,1000
313,313,1.010258026045349,1000
314,314,0.9292449236847772,1000
315,315,1.0566573999687563,1000
316,316,1.0825864447761688,1000
317,317,0.9183887532734332,1000
318,318,0.9824674417370858,1000
319,319,0.9856235755766534,1000
320,320,1.0575376840798183,1000
321,321,1.0715124056249294,1000
322,322,1.056396323361895,1000
323,323,1.0390138726073983,1000
324,324,0.9303982811467932,1000
325,325,0.9781584622213586,1000
326,326,1.0237102726060812,1000
327,327,1.0292895015321335,1000
328,328,0.9515748257820889,1000
329,329,1.0124269922842046,1000
330,330,0.9378071020045128,1000
331,331,0.9786084766158892,1000
332,332,1.0307277476657075,1000
333,333,0.9596755511504966,1000
334,334,1.0497262968542458,1000
335,335,0.9976735878097004,1000
336,336,0.9559030649469094,1000
337,337,0.9513291955870642,1000
338,338,0.9739689890494247,1000
339,339,1.0063073556814146,1000
340,340,1.0231625936402509,1000
341,341,1.010632765593826,1000
342,342,1.003487500185642,1000
343,343,1.0184145913370344,1000
344,344,1.0383979347342065,1000
345,345,0.8905124341815167,1000
346,346,0.904923575093548,1000
347,347,0.9535138901507736,1000
348,348,0.9794437974085496,1000
349,349,1.1016265523838342,1000
350,350,0.9378621433700118,1000
351,351,1.0212103579432608,1000
352,352,0.9222757514157108,1000
353,353,1.0589708433433884,1000
354,354,0.977888278793003,1000
355,355,0.907384807093635,1000
356,356,0.984546569102804,1000
357,357,0.994249880849864,1000
358,358,1.0758231933801312,1000
359,359,0.9636190456453306,1000
360,360,0.9925082002421136,1000
361,361,1.0658605828732703,1000
362,362,1.0111174569536274,1000
363,363,0.8997510308099805,1000
364,364,0.9880146551477508,1000
365,365,0.9910044427789728,1000
366,366,0.994387261789484,1000
367,367,0.9931769930139752,1000
368,368,0.918420063174409,1000
369,369,0.9637408417265902,1000
370,370,1.0537094895767467,1000
371,371,0.931689066288058,1000
372,372,0.9538518626859798,1000
373,373,0.9718054856574412,1000
374,374,1.0750259159909064,1000
375,375,0.9735421047231084,1000
376,376,0.9755007160553504,1000
377,377,1.1713073063261987,1000
378,378,1.0418563837179704,1000
379,379,0.9610901023858672,1000
380,380,0.9603376266527732,1000
381,381,1.1540673152276923,1000
382,382,1.1376317089911367,1000
383,383,0.9206810441502712,1000
384,384,1.062981649757191,1000
385,385,1.0355513422604758,1000
386,386,1.063407480116581,1000
387,387,0.9303610013987936,1000
388,388,0.966305254309134,1000
389,389,0.9871336781835396,1000
390,390,1.00627957746471,1000
391,391,1.0413010844435462,1000
392,392,1.0664039285964575,1000
393,393,0.9086840176413916,1000
394,394,1.0241509785488887,1000
395,395,1.0284834839728632,1000
396,396,0.979182827229124,1000
397,397,1.0443669352941356,1000
398,398,0.9457078667831098,1000
399,399,0.991516047667318,1000
400,400,0.9944894332464712,1000
401,401,1.0246551690126182,1000
402,402,0.95094044030634,1000
403,403,0.9371832858069382,1000
404,404,1.0571643805555482,1000
405,405,1.0459988421489896,1000
406,406,0.966490083247706,1000
407,407,1.0346958566209707,1000
408,408,1.0261002412060378,1000
409,409,0.9790436590403148,1000
410,410,1.0077238357617375,1000
411,411,0.9335298126389802,1000
412,412,1.039005770944982,1000
413,413,1.117558839388792,1000
414,414,1.0126976545706017,1000
415,415,0.918655931748006,1000
416,416,0.9841238997532428,1000
417,417,1.0114301162218453,1000
418,418,1.0247726535661317,1000
419,419,1.04915848307769,1000
420,420,1.0696617242092827,1000
421,421,1.0395772874267948,1000
422,422,1.002860313272464,1000
423,423,0.8886989192284318,1000
424,424,1.0246559773140549,1000
425,425,1.0847879212903706,1000
426,426,0.9636416637332132,1000
427,427,0.9661638340136848,1000
428,428,1.0311786337510256,1000
429,429,1.0267297718584416,1000
430,430,0.998225920324046,1000
431,431,1.001098282887341,1000
432,432,1.020110314785498,1000
433,433,1.0811025725841432,1000
434,434,1.0454611081795946,1000
435,435,1.0911208331755375,1000
436,436,1.014728465933615,1000
437,437,0.9678344886772692,1000
438,438,1.0082211981261509,1000
439,439,1.0043149542755143,1000
440,440,1.0436280489335277,1000
441,441,0.9259296032188188,1000
442,442,1.0871126776729767,1000
443,443,0.9548509746593652,1000
444,444,0.925016324859726,1000
445,445,0.9717214962383024,1000
446,446,0.9886186848342788,1000
447,447,1.009259700552022,1000
448,448,0.9594146475619,1000
449,449,1.0508280652359474,1000
450,450,0.9753606790834226,1000
451,451,1.002638369540506,1000
452,452,0.9340003425381695,1000
453,453,1.013159083634946,1000
454,454,0.9539448377407922,1000
455,455,1.0857122091449156,1000
456,456,1.0334765982119478,1000
457,457,1.0185809840347275,1000
458,458,1.0353497940194956,1000
459,459,0.98223125593087,1000
460,460,0.9980126961471,1000
461,461,0.970187097205951,1000
462,462,0.9112953714663234,1000
463,463,1.0647815777970209,1000
464,464,0.9699653713491472,1000
465,465,1.0267360237603071,1000
466,466,1.0594879791968026,1000
467,467,1.0247349050188037,1000
468,468,1.1371442344954517,1000
469,469,1.0374772705522162,1000
470,470,1.0731249731916537,1000
471,471,0.9990027736173772,1000
472,472,0.964110688930944,1000
473,473,0.972927587258468,1000
474,474,0.9947994005639202,1000
475,475,1.0903530395205363,1000
476,476,1.059365532362193,1000
477,477,1.124505656763276,1000
478,478,1.0399529313632885,1000
479,479,0.896196591402159,1000
480,480,1.0616829274354416,1000
481,481,0.9201560408488944,1000
482,482,0.9922648817975386,1000
483,483,1.0914787637524483,1000
484,484,0.9699649134054198,1000
485,485,0.9600864392746472,1000
486,486,0.995293174204008,1000
487,487,1.0248419847459331,1000
488,488,0.968369371898234,1000
489,489,1.0529410842700884,1000
490,490,1.028303374776101,1000
491,491,1.0069830406583833,1000
492,492,1.0229803098601025,1000
493,493,1.0201069918363146,1000
494,494,0.9860059378174952,1000
495,495,0.9358185957535312,1000
496,496,1.0375624040860885,1000
497,497,1.0416513024756,1000
498,498,0.956291447325512,1000
499,499,1.0531721410494015,1000
500,500,0.982733933316581,1000
501,501,0.976437191219688,1000
502,502,0.9066522800061136,1000
503,503,1.0718549382601594,1000
504,504,1.0383929753077297,1000
505,505,1.0361069028102037,1000
506,506,0.9664899384764284,1000
507,507,1.0069112329405243,1000
508,508,0.9814386755221703,1000
509,509,1.1306371964505075,1000
510,510,1.042639952716101,1000
511,511,1.055751558871748,1000
512,512,1.0577624294240169,1000
513,513,1.1414745001852964,1000
514,514,0.9965880828713978,1000
515,515,1.0262946559207364,1000
516,516,0.992624180619444,1000
517,517,1.0280538130897412,1000
518,518,0.9313306113368752,1000
519,519,0.941667985622658,1000
520,520,1.0485367381262165,1000
521,521,1.06184570586899,1000
522,522,0.9617627902886454,1000
523,523,0.9476724715851788,1000
524,524,1.0087454499878987,1000
525,525,1.0760506999228738,1000
526,526,0.9914379589557852,1000
527,527,0.9701395924791,1000
528,528,1.103312207580771,1000
529,529,1.0004341799886447,1000
530,530,1.0609623557929098,1000
531,531,1.0255568656918683,1000
532,532,1.1065722629172967,1000
533,533,0.9592661912167272,1000
534,534,1.1117347146982155,1000
535,535,1.068791088473958,1000
536,536,1.0375388555540184,1000
537,537,1.0128608303631097,1000
538,538,1.0004825511824862,1000
539,539,0.9939686343130064,1000
540,540,1.0101118536041582,1000
541,541,0.9820601818969692,1000
542,542,1.0424622872427278,1000
543,543,0.9089451478432976,1000
544,544,1.07332237550132,1000
545,545,0.9842850695685712,1000
546,546,0.9582332776102334,1000
547,547,1.0621856496996571,1000
548,548,0.9774287679323664,1000
549,549,0.9468824049777852,1000
550,550,1.1341714235297076,1000
551,551,0.9565665093024478,1000
552,552,1.0152647000345354,1000
553,553,0.9949645674784476,1000
554,554,0.9382947145237496,1000
555,555,0.9705235978440356,1000
556,556,1.0435719715176646,1000
557,557,0.970510069841282,1000
558,558,0.9276796020817102,1000
559,559,1.056686152611633,1000
560,560,1.0966875549662518,1000
561,561,0.9756589991959856,1000
562,562,0.935600636912767,1000
563,563,0.940827793294602,1000
564,564,1.013592906661117,1000
565,565,1.0259607356980496,1000
566,566,1.036899047072538,1000
567,567,1.018870197822693,1000
568,568,1.0382698880748364,1000
569,569,0.9184471495088218,1000
570,570,1.025830609541373,1000
571,571,1.0195824801536304,1000
572,572,0.9776702632627804,1000
573,573,0.984015251429426,1000
574,574,0.9083349410813356,1000
575,575,0.9960501634283788,1000
576,576,1.001732599074387,1000
577,577,1.0243497240469566,1000
578,578,1.003573356905605,1000
579,579,0.9480403056522276,1000
580,580,1.0506773531375586,1000
581,581,0.9803303663906746,1000
582,582,1.013701363529094,1000
583,583,1.0813496442168289,1000
584,584,1.043184265555098,1000
585,585,1.0216061805174803,1000
586,586,0.9723129492894458,1000
587,587,1.0149288298070474,1000
588,588,1.090126512262728,1000
589,589,0.9641087640678307,1000
590,590,1.0135698046480002,1000
591,591,1.0184513028869162,1000
592,592,1.0553382841949317,1000
593,593,0.9595375022146158,1000
594,594,1.0096088530898868,1000
595,595,0.9869581093910398,1000
596,596,1.0319009025428016,1000
597,597,0.9608192874436128,1000
598,598,1.0358445242318195,1000
599,599,1.0015189091176353,1000
600,600,0.9410222352218084,1000
601,601,1.057217699746161,1000
602,602,0.9376673843196244,1000
603,603,1.0048005429853646,1000
604,604,0.9807052488276896,1000
605,605,1.0266900369412468,1000
606,606,1.052804904246912,1000
607,607,1.0583521288396156,1000
608,608,0.9950581003863874,1000
609,609,1.085402652831604,1000
610,610,0.9640865522652716,1000
611,611,1.0213439284089247,1000
612,612,0.955144060345333,1000
613,613,1.0027369468839566,1000
614,614,1.092226545029078,1000
615,615,1.0911049408562263,1000
616,616,1.0007240653231833,1000
617,617,1.1125804385013538,1000
618,618,1.0363344776260703,1000
619,619,1.024555384894512,1000
620,620,0.9795345279251252,1000
621,621,1.015050411774112,1000
622,622,0.9022432562664022,1000
623,623,1.023982118280486,1000
624,624,0.987305649725073,1000
625,625,1.0409050997831455,1000
626,626,1.1241745172799256,1000
627,627,1.1572057065689734,1000
628,628,0.9686854092389724,1000
629,629,1.066026333822336,1000
630,630,1.056877212086576,1000
631,631,1.0594848114081117,1000
632,632,1.1297683772474445,1000
633,633,1.0373714507212242,1000
634,634,1.0292247018670082,1000
635,635,1.025176692846884,1000
636,636,1.0637502224873572,1000
637,637,1.0700354030640256,1000
638,638,1.0499373440741522,1000
639,639,1.0090760115953543,1000
640,640,1.006228603072259,1000
641,641,0.951415414849066,1000
642,642,1.0494415817382643,1000
643,643,1.0035860373348982,1000
644,644,0.9999450384094786,1000
645,645,0.9926213471716352,1000
646,646,0.9630648802381928,1000
647,647,1.0334478337415618,1000
648,648,1.036153509842066,1000
649,649,0.9910871735006594,1000
650,650,0.995548852387401,1000
651,651,0.9174084275487644,1000
652,652,1.0073096343918166,1000
653,653,1.011653842519621,1000
654,654,1.0387611345642824,1000
655,655,1.0758291859042115,1000
656,656,0.9616452095647788,1000
657,657,1.0035648492310685,1000
658,658,1.0522691277425054,1000
659,659,0.9899283519742852,1000
660,660,1.024434482919233,1000
661,661,0.9930778537878666,1000
662,662,0.9797520326685571,1000
663,663,0.9918352023279908,1000
664,664,0.9734871699014748,1000
665,665,1.0511522924129082,1000
666,666,0.9654607309899887,1000
667,667,1.040866685827183,1000
668,668,0.955576698738028,1000
669,669,1.0352241513767098,1000
670,670,1.0226197222731486,1000
671,671,0.9252411834773256,1000
672,672,1.0693388707951073,1000
673,673,0.9257466865697096,1000
674,674,0.8728871393759192,1000
675,675,0.9717423772305552,1000
676,676,0.9267693499756292,1000
677,677,1.0415146777775988,1000
678,678,1.112330870751606,1000
679,679,1.0138086308470946,1000
680,680,0.9675301338713922,1000
681,681,0.9773869076851868,1000
682,682,1.0192902682903051,1000
683,683,1.0848800876426168,1000
684,684,1.036467685958172,1000
685,685,1.0022993609183717,1000
686,686,1.06437029216292,1000
687,687,0.982084023088646,1000
688,688,1.013044098755472,1000
689,689,1.0469268103667702,1000
690,690,1.017235317267648,1000
691,691,0.9754878859501162,1000
692,692,1.0239229581785452,1000
693,693,1.0345905130746615,1000
694,694,1.017814130205991,1000
695,695,0.9769257420425106,1000
696,696,0.943521420820133,1000
697,697,1.0240298201627809,1000
698,698,1.0213600639342673,1000
699,699,1.0723278560817562,1000
700,700,0.9980876567681491,1000
701,701,0.9430929444886118,1000
702,702,1.0379819695695858,1000
703,703,0.9686386273764214,1000
704,704,1.0570654714020549,1000
705,705,0.989114595460464,1000
706,706,0.9433568865582344,1000
707,707,0.9613762481869514,1000
708,708,1.0072823048105306,1000
709,709,0.9964797973352262,1000
710,710,1.078825753242441,1000
711,711,0.9855219101331868,1000
712,712,1.0534344993019715,1000
713,713,0.9656312567217072,1000
714,714,1.0519522954869984,1000
715,715,0.952276083135402,1000
716,716,1.053687842532824,1000
717,717,1.0582470409537024,1000
718,718,0.9007284697661504,1000
719,719,1.1083378652792106,1000
720,720,1.0534176497565682,1000
721,721,1.0556045287888054,1000
722,722,1.053484268166855,1000
723,723,1.057470086131417,1000
724,724,1.023985144760573,1000
725,725,0.9515565285082062,1000
726,726,0.8693774142903408,1000
727,727,1.059787375806792,1000
728,728,1.0819641290460993,1000
729,729,0.9578635576229716,1000
730,730,0.9432160406295084,1000
731,731,0.99407260276368,1000
732,732,0.9455751064201507,1000
733,733,1.037447016298131,1000
734,734,0.9921587630558976,1000
735,735,0.9649097678252474,1000
736,736,0.9775441938394068,1000
737,737,0.955675738648054,1000
738,738,1.004444366737971,1000
739,739,0.9539380779832812,1000
740,740,1.0269006161348957,1000
741,741,1.0753468244527369,1000
742,742,0.983606751492374,1000
743,743,1.0468419077044049,1000
744,744,0.9723323397821986,1000
745,745,0.9963111678546994,1000
746,746,1.116549606077399,1000
747,747,1.0682744485113886,1000
748,748,1.0051042135361712,1000
749,749,1.0467000499543389,1000
750,750,0.9973307465732262,1000
751,751,0.9882422396742924,1000
752,752,0.928513314925965,1000
753,753,1.0029116814306178,1000
754,754,0.9537007585979324,1000
755,755,0.9970013129842528,1000
756,756,1.033835495657371,1000
757,757,1.0545177356286075,1000
758,758,0.9852974899587964,1000
759,759,0.9929778321201184,1000
760,760,0.9249142604219288,1000
761,761,0.9265533046437752,1000
762,762,0.8970707472222728,1000
763,763,1.0646066245620602,1000
764,764,1.009157675606431,1000
765,765,1.0334037213921192,1000
766,766,1.0004878551334286,1000
767,767,1.0024653189235408,1000
768,768,1.0214236924708615,1000
769,769,0.961398204973122,1000
770,770,1.0320891184217371,1000
771,771,1.0077021645331996,1000
772,772,0.9974844524998332,1000
773,773,0.999269271976857,1000
774,774,0.9351908553130102,1000
775,775,1.0347949057574937,1000
776,776,0.9511121159017932,1000
777,777,1.0060468250396184,1000
778,778,0.9672673599022232,1000
779,779,1.0330349434201196,1000
780,780,0.961041731858728,1000
781,781,0.9575431587772982,1000
782,782,1.0730329057911518,1000
783,783,1.0916324569306113,1000
784,784,0.9803040304638272,1000
785,785,0.9346930724807264,1000
786,786,1.0907184883883616,1000
787,787,1.0324262315092485,1000
788,788,0.8620117466181085,1000
789,789,0.9640518818164452,1000
790,790,1.0191804270328504,1000
791,791,1.023802537177488,1000
792,792,0.9356270324730788,1000
793,793,0.9928468638087224,1000
794,794,0.9660204585144072,1000
795,795,0.9657468393194364,1000
796,796,1.0337237454351254,1000
797,797,1.0510189312182092,1000
798,798,1.0268387918681867,1000
799,799,0.913629909814091,1000
800,800,1.0566486215475663,1000
801,801,0.9327139225422912,1000
802,802,0.9829716599855374,1000
803,803,1.0397089317438173,1000
804,804,0.9865169161105882,1000
805,805,1.0154383703735164,1000
806,806,1.0189624355591462,1000
807,807,1.0117470862461175,1000
808,808,1.0367977842931708,1000
809,809,1.111701289434336,1000
810,810,1.066492488918243,1000
811,811,0.9433431430927186,1000
812,812,1.0332720260504544,1000
813,813,0.9903023361048752,1000
814,814,1.0397344375526956,1000
815,815,0.918956285505871,1000
816,816,0.875624217779901,1000
817,817,1.10474177481899,1000
818,818,1.0389218308142745,1000
819,819,1.0064852903357604,1000
820,820,0.9567791502506822,1000
821,821,1.092010952078084,1000
822,822,0.9017188152628536,1000
823,823,1.0155785284002548,1000
824,824,1.101834019345901,1000
825,825,1.0507419903476176,1000
826,826,1.0283861331864586,1000
827,827,1.0374197461119792,1000
828,828,1.0130433298636774,1000
829,829,1.0473429207930565,1000
830,830,1.0949287301779265,1000
831,831,0.9502721325470702,1000
832,832,1.0182662149678094,1000
833,833,0.9777157183841324,1000
834,834,0.9922876348374388,1000
835,835,1.095048771743592,1000
836,836,0.9761376205747324,1000
837,837,1.012778506515431,1000
838,838,1.0542857053206092,1000
839,839,1.086278390737803,1000
840,840,0.9525222967939584,1000
841,841,1.0451790599342132,1000
842,842,0.9841614255261106,1000
843,843,1.0600047248936733,1000
844,844,1.005773101054814,1000
845,845,0.9777221973772044,1000
846,846,0.9957094452429942,1000
847,847,1.0363275930037474,1000
848,848,0.9550069890476038,1000
849,849,0.988008083627392,1000
850,850,0.9993569475593204,1000
851,851,1.0333726255652635,1000
852,852,0.9711160965992888,1000
853,853,0.9073119101132504,1000
854,854,0.932739706442092,1000
855,855,1.0599244638343777,1000
856,856,0.9768771841867192,1000
857,857,1.0082248794382878,1000
858,858,0.9846495818024152,1000
859,859,0.9883057984103658,1000
860,860,1.0423372458603095,1000
861,861,1.0448823353611942,1000
862,862,1.0385632704438166,1000
863,863,0.9838434982326733,1000
864,864,1.0101243863284282,1000
865,865,0.9271914377904268,1000
866,866,0.936943707377111,1000
867,867,1.0746548488652223,1000
868,868,0.9841266526705824,1000
869,869,0.99711258135639,1000
870,870,0.974273253172413,1000
871,871,1.0007107756729567,1000
872,872,0.896246394804507,1000
873,873,0.9635451385280334,1000
874,874,0.9868575860741942,1000
875,875,0.9484515140264448,1000
876,876,1.095217733942306,1000
877,877,1.0020279657497897,1000
878,878,1.0840588923945944,1000
879,879,0.9641576482206488,1000
880,880,1.0023182976281362,1000
881,881,1.0078777208151593,1000
882,882,1.030104868481132,1000
883,883,0.9519520616394744,1000
884,884,1.1267887711164803,1000
885,885,1.03724931221808,1000
886,886,0.8667132939099247,1000
887,887,1.0067511860482623,1000
888,888,1.009389008751981,1000
889,889,0.9683854453529932,1000
890,890,1.089734461196883,1000
891,891,0.9823555266704886,1000
892,892,1.0618578065534194,1000
893,893,0.970754047714408,1000
894,894,1.0497930067133154,1000
895,895,1.0540158996892472,1000
896,896,1.0743955409055277,1000
897,897,1.140911757947194,1000
898,898,1.009028515432135,1000
899,899,1.084171734357426,1000
900,900,1.0054654322366616,1000
901,901,1.0352259671729342,1000
902,902,1.037984647735101,1000
903,903,0.974356761816466,1000
904,904,1.021596184901952,1000
905,905,0.9691104587635664,1000
906,906,0.980862966242114,1000
907,907,1.088287764055238,1000
908,908,0.8799051214253666,1000
909,909,1.088771107034077,1000
910,910,1.0548270454241475,1000
911,911,1.0028554851114393,1000
912,912,0.9278157750910196,1000
913,913,0.9994708319864288,1000
914,914,0.9643220484319102,1000
915,915,1.0153315544140329,1000
916,916,1.019566687895562,1000
917,917,1.0024392045866222,1000
918,918,0.9819306379996248,1000
919,919,1.0580086831282216,1000
920,920,1.044713682821623,1000
921,921,1.0509356877231395,1000
922,922,1.0417689053978023,1000
923,923,1.0321264383886586,1000
924,924,1.0707100226200057,1000
925,925,1.0948338579311925,1000
926,926,0.9442520428830647,1000
927,927,1.087649033263574,1000
928,928,1.0335179950675126,1000
929,929,1.000439918121856,1000
930,930,1.0733467699092074,1000
931,931,1.009059844888171,1000
932,932,0.9872683204252012,1000
933,933,1.1024925272397468,1000
934,934,1.003463739477965,1000
935,935,1.04404413143925,1000
936,936,0.898718966850069,1000
937,937,1.0131283971150822,1000
938,938,1.0290684704869335,1000
939,939,0.921784857511028,1000
940,940,0.9966973028427332,1000
941,941,1.0399857050703645,1000
942,942,1.0307331412470973,1000
943,943,0.940436555078989,1000
944,944,0.9660070727565824,1000
945,945,1.0873187563778828,1000
946,946,1.03321053881632,1000
947,947,0.9737670185625262,1000
948,948,0.9427087774284928,1000
949,949,0.9938127440746172,1000
950,950,1.0752035000906517,1000
951,951,1.0039408039335882,1000
952,952,0.989273377493248,1000
953,953,0.994138165462786,1000
954,954,1.0938130435185514,1000
955,955,1.039630711065243,1000
956,956,1.0656665437402069,1000
957,957,1.0207541204637494,1000
958,958,0.9926986079895528,1000
959,959,1.0041560960115703,1000
960,960,1.0543737010968923,1000
961,961,1.0640608175058477,1000
962,962,0.9727348540814093,1000
963,963,1.0510412684115948,1000
964,964,1.0582573580075092,1000
965,965,0.9702244739749232,1000
966,966,0.980479232098304,1000
967,967,1.018572583974347,1000
968,968,1.0699782923032757,1000
969,969,0.999453740273566,1000
970,970,0.956363599425913,1000
971,971,0.9827418701597423,1000
972,972,0.9177964625053504,1000
973,973,1.1025520202009602,1000
974,974,0.9411993512009929,1000
975,975,0.9549563445977896,1000
976,976,1.1104103714875606,1000
977,977,1.068150047068201,1000
978,978,0.9990476840246884,1000
979,979,0.9551970110272664,1000
980,980,0.9890284038716856,1000
981,981,1.0228295761078383,1000
982,982,0.9556836752716292,1000
983,983,1.1434432740268363,1000
984,984,1.0579032311542989,1000
985,985,0.9641506188027336,1000
986,986,1.0572772751530124,1000
987,987,0.9508886766644054,1000
988,988,1.099961985634181,1000
989,989,1.02503590688886,1000
990,990,0.9762597491135948,1000
991,991,1.0061508151654692,1000
992,992,1.0949750943537282,1000
993,993,1.019089438234758,1000
994,994,0.997110378599686,1000
995,995,1.018866287220007,1000
996,996,1.0778751121709291,1000
997,997,1.0712213274761666,1000
998,998,1.0472505087937662,1000
999,999,1.0741968798392634,1000
